	[[[1, [6, 20]], [1, [10, 24]], [1, [20, 2]], [1, [24, 6]], [1, [28, 10]]]]
	[[[2, [6, 20]], [2, [10, 24]], [2, [20, 2]], [2, [24, 6]], [2, [28, 10]]]]
	[[[3, [10, 20]], [3, [24, 2]], [3, [28, 6]]]]
	[[[6, [10, 20, 24, 2]], [6, [28, 6, 10, 20]]]]
	[[[7, [6, 20]], [7, [10, 24]], [7, [20, 2]], [7, [24, 6]], [7, [28, 10]]]]
	[[[8, [2]], [8, [6]], [8, [10]], [8, [20]], [8, [24]], [8, [28]]]]
	[[[1, [6, 20]], [1, [10, 24]], [1, [20, 2]], [1, [24, 6]], [1, [28, 10]]], [[2, [6, 20]], [2, [10, 24]], [2, [20, 2]], [2, [24, 6]], [2, [28, 10]]]]
	[[[1, [6, 20]], [1, [10, 24]], [1, [20, 2]], [1, [24, 6]], [1, [28, 10]]], [[3, [10, 20]], [3, [24, 2]], [3, [28, 6]]]]
	[[[1, [6, 20]], [1, [10, 24]], [1, [20, 2]], [1, [24, 6]], [1, [28, 10]]], [[6, [10, 20, 24, 2]], [6, [28, 6, 10, 20]]]]
	[[[1, [6, 20]], [1, [10, 24]], [1, [20, 2]], [1, [24, 6]], [1, [28, 10]]], [[7, [6, 20]], [7, [10, 24]], [7, [20, 2]], [7, [24, 6]], [7, [28, 10]]]]
	[[[1, [6, 20]], [1, [10, 24]], [1, [20, 2]], [1, [24, 6]], [1, [28, 10]]], [[8, [2]], [8, [6]], [8, [10]], [8, [20]], [8, [24]], [8, [28]]]]
	[[[2, [6, 20]], [2, [10, 24]], [2, [20, 2]], [2, [24, 6]], [2, [28, 10]]], [[3, [10, 20]], [3, [24, 2]], [3, [28, 6]]]]
	[[[2, [6, 20]], [2, [10, 24]], [2, [20, 2]], [2, [24, 6]], [2, [28, 10]]], [[6, [10, 20, 24, 2]], [6, [28, 6, 10, 20]]]]
	[[[2, [6, 20]], [2, [10, 24]], [2, [20, 2]], [2, [24, 6]], [2, [28, 10]]], [[7, [6, 20]], [7, [10, 24]], [7, [20, 2]], [7, [24, 6]], [7, [28, 10]]]]
	[[[2, [6, 20]], [2, [10, 24]], [2, [20, 2]], [2, [24, 6]], [2, [28, 10]]], [[8, [2]], [8, [6]], [8, [10]], [8, [20]], [8, [24]], [8, [28]]]]
	[[[3, [10, 20]], [3, [24, 2]], [3, [28, 6]]], [[6, [10, 20, 24, 2]], [6, [28, 6, 10, 20]]]]
	[[[3, [10, 20]], [3, [24, 2]], [3, [28, 6]]], [[7, [6, 20]], [7, [10, 24]], [7, [20, 2]], [7, [24, 6]], [7, [28, 10]]]]
	[[[3, [10, 20]], [3, [24, 2]], [3, [28, 6]]], [[8, [2]], [8, [6]], [8, [10]], [8, [20]], [8, [24]], [8, [28]]]]
	[[[6, [10, 20, 24, 2]], [6, [28, 6, 10, 20]]], [[7, [6, 20]], [7, [10, 24]], [7, [20, 2]], [7, [24, 6]], [7, [28, 10]]]]
	[[[6, [10, 20, 24, 2]], [6, [28, 6, 10, 20]]], [[8, [2]], [8, [6]], [8, [10]], [8, [20]], [8, [24]], [8, [28]]]]
	[[[7, [6, 20]], [7, [10, 24]], [7, [20, 2]], [7, [24, 6]], [7, [28, 10]]], [[8, [2]], [8, [6]], [8, [10]], [8, [20]], [8, [24]], [8, [28]]]]
	[[[1, [6, 20]], [1, [10, 24]], [1, [20, 2]], [1, [24, 6]], [1, [28, 10]]], [[2, [6, 20]], [2, [10, 24]], [2, [20, 2]], [2, [24, 6]], [2, [28, 10]]], [[3, [10, 20]], [3, [24, 2]], [3, [28, 6]]]]
	[[[1, [6, 20]], [1, [10, 24]], [1, [20, 2]], [1, [24, 6]], [1, [28, 10]]], [[2, [6, 20]], [2, [10, 24]], [2, [20, 2]], [2, [24, 6]], [2, [28, 10]]], [[6, [10, 20, 24, 2]], [6, [28, 6, 10, 20]]]]
	[[[1, [6, 20]], [1, [10, 24]], [1, [20, 2]], [1, [24, 6]], [1, [28, 10]]], [[2, [6, 20]], [2, [10, 24]], [2, [20, 2]], [2, [24, 6]], [2, [28, 10]]], [[7, [6, 20]], [7, [10, 24]], [7, [20, 2]], [7, [24, 6]], [7, [28, 10]]]]
	[[[1, [6, 20]], [1, [10, 24]], [1, [20, 2]], [1, [24, 6]], [1, [28, 10]]], [[2, [6, 20]], [2, [10, 24]], [2, [20, 2]], [2, [24, 6]], [2, [28, 10]]], [[8, [2]], [8, [6]], [8, [10]], [8, [20]], [8, [24]], [8, [28]]]]
	[[[1, [6, 20]], [1, [10, 24]], [1, [20, 2]], [1, [24, 6]], [1, [28, 10]]], [[3, [10, 20]], [3, [24, 2]], [3, [28, 6]]], [[6, [10, 20, 24, 2]], [6, [28, 6, 10, 20]]]]
	[[[1, [6, 20]], [1, [10, 24]], [1, [20, 2]], [1, [24, 6]], [1, [28, 10]]], [[3, [10, 20]], [3, [24, 2]], [3, [28, 6]]], [[7, [6, 20]], [7, [10, 24]], [7, [20, 2]], [7, [24, 6]], [7, [28, 10]]]]
	[[[1, [6, 20]], [1, [10, 24]], [1, [20, 2]], [1, [24, 6]], [1, [28, 10]]], [[3, [10, 20]], [3, [24, 2]], [3, [28, 6]]], [[8, [2]], [8, [6]], [8, [10]], [8, [20]], [8, [24]], [8, [28]]]]
	[[[1, [6, 20]], [1, [10, 24]], [1, [20, 2]], [1, [24, 6]], [1, [28, 10]]], [[6, [10, 20, 24, 2]], [6, [28, 6, 10, 20]]], [[7, [6, 20]], [7, [10, 24]], [7, [20, 2]], [7, [24, 6]], [7, [28, 10]]]]
	[[[1, [6, 20]], [1, [10, 24]], [1, [20, 2]], [1, [24, 6]], [1, [28, 10]]], [[6, [10, 20, 24, 2]], [6, [28, 6, 10, 20]]], [[8, [2]], [8, [6]], [8, [10]], [8, [20]], [8, [24]], [8, [28]]]]
	[[[1, [6, 20]], [1, [10, 24]], [1, [20, 2]], [1, [24, 6]], [1, [28, 10]]], [[7, [6, 20]], [7, [10, 24]], [7, [20, 2]], [7, [24, 6]], [7, [28, 10]]], [[8, [2]], [8, [6]], [8, [10]], [8, [20]], [8, [24]], [8, [28]]]]
	[[[2, [6, 20]], [2, [10, 24]], [2, [20, 2]], [2, [24, 6]], [2, [28, 10]]], [[3, [10, 20]], [3, [24, 2]], [3, [28, 6]]], [[6, [10, 20, 24, 2]], [6, [28, 6, 10, 20]]]]
	[[[2, [6, 20]], [2, [10, 24]], [2, [20, 2]], [2, [24, 6]], [2, [28, 10]]], [[3, [10, 20]], [3, [24, 2]], [3, [28, 6]]], [[7, [6, 20]], [7, [10, 24]], [7, [20, 2]], [7, [24, 6]], [7, [28, 10]]]]
	[[[2, [6, 20]], [2, [10, 24]], [2, [20, 2]], [2, [24, 6]], [2, [28, 10]]], [[3, [10, 20]], [3, [24, 2]], [3, [28, 6]]], [[8, [2]], [8, [6]], [8, [10]], [8, [20]], [8, [24]], [8, [28]]]]
	[[[2, [6, 20]], [2, [10, 24]], [2, [20, 2]], [2, [24, 6]], [2, [28, 10]]], [[6, [10, 20, 24, 2]], [6, [28, 6, 10, 20]]], [[7, [6, 20]], [7, [10, 24]], [7, [20, 2]], [7, [24, 6]], [7, [28, 10]]]]
	[[[2, [6, 20]], [2, [10, 24]], [2, [20, 2]], [2, [24, 6]], [2, [28, 10]]], [[6, [10, 20, 24, 2]], [6, [28, 6, 10, 20]]], [[8, [2]], [8, [6]], [8, [10]], [8, [20]], [8, [24]], [8, [28]]]]
	[[[2, [6, 20]], [2, [10, 24]], [2, [20, 2]], [2, [24, 6]], [2, [28, 10]]], [[7, [6, 20]], [7, [10, 24]], [7, [20, 2]], [7, [24, 6]], [7, [28, 10]]], [[8, [2]], [8, [6]], [8, [10]], [8, [20]], [8, [24]], [8, [28]]]]
	[[[3, [10, 20]], [3, [24, 2]], [3, [28, 6]]], [[6, [10, 20, 24, 2]], [6, [28, 6, 10, 20]]], [[7, [6, 20]], [7, [10, 24]], [7, [20, 2]], [7, [24, 6]], [7, [28, 10]]]]
	[[[3, [10, 20]], [3, [24, 2]], [3, [28, 6]]], [[6, [10, 20, 24, 2]], [6, [28, 6, 10, 20]]], [[8, [2]], [8, [6]], [8, [10]], [8, [20]], [8, [24]], [8, [28]]]]
	[[[3, [10, 20]], [3, [24, 2]], [3, [28, 6]]], [[7, [6, 20]], [7, [10, 24]], [7, [20, 2]], [7, [24, 6]], [7, [28, 10]]], [[8, [2]], [8, [6]], [8, [10]], [8, [20]], [8, [24]], [8, [28]]]]
	[[[6, [10, 20, 24, 2]], [6, [28, 6, 10, 20]]], [[7, [6, 20]], [7, [10, 24]], [7, [20, 2]], [7, [24, 6]], [7, [28, 10]]], [[8, [2]], [8, [6]], [8, [10]], [8, [20]], [8, [24]], [8, [28]]]]
	[[[1, [6, 20]], [1, [10, 24]], [1, [20, 2]], [1, [24, 6]], [1, [28, 10]]], [[2, [6, 20]], [2, [10, 24]], [2, [20, 2]], [2, [24, 6]], [2, [28, 10]]], [[3, [10, 20]], [3, [24, 2]], [3, [28, 6]]], [[6, [10, 20, 24, 2]], [6, [28, 6, 10, 20]]]]
	[[[1, [6, 20]], [1, [10, 24]], [1, [20, 2]], [1, [24, 6]], [1, [28, 10]]], [[2, [6, 20]], [2, [10, 24]], [2, [20, 2]], [2, [24, 6]], [2, [28, 10]]], [[3, [10, 20]], [3, [24, 2]], [3, [28, 6]]], [[7, [6, 20]], [7, [10, 24]], [7, [20, 2]], [7, [24, 6]], [7, [28, 10]]]]
	[[[1, [6, 20]], [1, [10, 24]], [1, [20, 2]], [1, [24, 6]], [1, [28, 10]]], [[2, [6, 20]], [2, [10, 24]], [2, [20, 2]], [2, [24, 6]], [2, [28, 10]]], [[3, [10, 20]], [3, [24, 2]], [3, [28, 6]]], [[8, [2]], [8, [6]], [8, [10]], [8, [20]], [8, [24]], [8, [28]]]]
	[[[1, [6, 20]], [1, [10, 24]], [1, [20, 2]], [1, [24, 6]], [1, [28, 10]]], [[2, [6, 20]], [2, [10, 24]], [2, [20, 2]], [2, [24, 6]], [2, [28, 10]]], [[6, [10, 20, 24, 2]], [6, [28, 6, 10, 20]]], [[7, [6, 20]], [7, [10, 24]], [7, [20, 2]], [7, [24, 6]], [7, [28, 10]]]]
	[[[1, [6, 20]], [1, [10, 24]], [1, [20, 2]], [1, [24, 6]], [1, [28, 10]]], [[2, [6, 20]], [2, [10, 24]], [2, [20, 2]], [2, [24, 6]], [2, [28, 10]]], [[6, [10, 20, 24, 2]], [6, [28, 6, 10, 20]]], [[8, [2]], [8, [6]], [8, [10]], [8, [20]], [8, [24]], [8, [28]]]]
	[[[1, [6, 20]], [1, [10, 24]], [1, [20, 2]], [1, [24, 6]], [1, [28, 10]]], [[2, [6, 20]], [2, [10, 24]], [2, [20, 2]], [2, [24, 6]], [2, [28, 10]]], [[7, [6, 20]], [7, [10, 24]], [7, [20, 2]], [7, [24, 6]], [7, [28, 10]]], [[8, [2]], [8, [6]], [8, [10]], [8, [20]], [8, [24]], [8, [28]]]]
	[[[1, [6, 20]], [1, [10, 24]], [1, [20, 2]], [1, [24, 6]], [1, [28, 10]]], [[3, [10, 20]], [3, [24, 2]], [3, [28, 6]]], [[6, [10, 20, 24, 2]], [6, [28, 6, 10, 20]]], [[7, [6, 20]], [7, [10, 24]], [7, [20, 2]], [7, [24, 6]], [7, [28, 10]]]]
	[[[1, [6, 20]], [1, [10, 24]], [1, [20, 2]], [1, [24, 6]], [1, [28, 10]]], [[3, [10, 20]], [3, [24, 2]], [3, [28, 6]]], [[6, [10, 20, 24, 2]], [6, [28, 6, 10, 20]]], [[8, [2]], [8, [6]], [8, [10]], [8, [20]], [8, [24]], [8, [28]]]]
	[[[1, [6, 20]], [1, [10, 24]], [1, [20, 2]], [1, [24, 6]], [1, [28, 10]]], [[3, [10, 20]], [3, [24, 2]], [3, [28, 6]]], [[7, [6, 20]], [7, [10, 24]], [7, [20, 2]], [7, [24, 6]], [7, [28, 10]]], [[8, [2]], [8, [6]], [8, [10]], [8, [20]], [8, [24]], [8, [28]]]]
	[[[1, [6, 20]], [1, [10, 24]], [1, [20, 2]], [1, [24, 6]], [1, [28, 10]]], [[6, [10, 20, 24, 2]], [6, [28, 6, 10, 20]]], [[7, [6, 20]], [7, [10, 24]], [7, [20, 2]], [7, [24, 6]], [7, [28, 10]]], [[8, [2]], [8, [6]], [8, [10]], [8, [20]], [8, [24]], [8, [28]]]]
	[[[2, [6, 20]], [2, [10, 24]], [2, [20, 2]], [2, [24, 6]], [2, [28, 10]]], [[3, [10, 20]], [3, [24, 2]], [3, [28, 6]]], [[6, [10, 20, 24, 2]], [6, [28, 6, 10, 20]]], [[7, [6, 20]], [7, [10, 24]], [7, [20, 2]], [7, [24, 6]], [7, [28, 10]]]]
	[[[2, [6, 20]], [2, [10, 24]], [2, [20, 2]], [2, [24, 6]], [2, [28, 10]]], [[3, [10, 20]], [3, [24, 2]], [3, [28, 6]]], [[6, [10, 20, 24, 2]], [6, [28, 6, 10, 20]]], [[8, [2]], [8, [6]], [8, [10]], [8, [20]], [8, [24]], [8, [28]]]]
	[[[2, [6, 20]], [2, [10, 24]], [2, [20, 2]], [2, [24, 6]], [2, [28, 10]]], [[3, [10, 20]], [3, [24, 2]], [3, [28, 6]]], [[7, [6, 20]], [7, [10, 24]], [7, [20, 2]], [7, [24, 6]], [7, [28, 10]]], [[8, [2]], [8, [6]], [8, [10]], [8, [20]], [8, [24]], [8, [28]]]]
	[[[2, [6, 20]], [2, [10, 24]], [2, [20, 2]], [2, [24, 6]], [2, [28, 10]]], [[6, [10, 20, 24, 2]], [6, [28, 6, 10, 20]]], [[7, [6, 20]], [7, [10, 24]], [7, [20, 2]], [7, [24, 6]], [7, [28, 10]]], [[8, [2]], [8, [6]], [8, [10]], [8, [20]], [8, [24]], [8, [28]]]]
	[[[3, [10, 20]], [3, [24, 2]], [3, [28, 6]]], [[6, [10, 20, 24, 2]], [6, [28, 6, 10, 20]]], [[7, [6, 20]], [7, [10, 24]], [7, [20, 2]], [7, [24, 6]], [7, [28, 10]]], [[8, [2]], [8, [6]], [8, [10]], [8, [20]], [8, [24]], [8, [28]]]]
	[[[1, [6, 20]], [1, [10, 24]], [1, [20, 2]], [1, [24, 6]], [1, [28, 10]]], [[2, [6, 20]], [2, [10, 24]], [2, [20, 2]], [2, [24, 6]], [2, [28, 10]]], [[3, [10, 20]], [3, [24, 2]], [3, [28, 6]]], [[6, [10, 20, 24, 2]], [6, [28, 6, 10, 20]]], [[7, [6, 20]], [7, [10, 24]], [7, [20, 2]], [7, [24, 6]], [7, [28, 10]]]]
	[[[1, [6, 20]], [1, [10, 24]], [1, [20, 2]], [1, [24, 6]], [1, [28, 10]]], [[2, [6, 20]], [2, [10, 24]], [2, [20, 2]], [2, [24, 6]], [2, [28, 10]]], [[3, [10, 20]], [3, [24, 2]], [3, [28, 6]]], [[6, [10, 20, 24, 2]], [6, [28, 6, 10, 20]]], [[8, [2]], [8, [6]], [8, [10]], [8, [20]], [8, [24]], [8, [28]]]]
	[[[1, [6, 20]], [1, [10, 24]], [1, [20, 2]], [1, [24, 6]], [1, [28, 10]]], [[2, [6, 20]], [2, [10, 24]], [2, [20, 2]], [2, [24, 6]], [2, [28, 10]]], [[3, [10, 20]], [3, [24, 2]], [3, [28, 6]]], [[7, [6, 20]], [7, [10, 24]], [7, [20, 2]], [7, [24, 6]], [7, [28, 10]]], [[8, [2]], [8, [6]], [8, [10]], [8, [20]], [8, [24]], [8, [28]]]]
	[[[1, [6, 20]], [1, [10, 24]], [1, [20, 2]], [1, [24, 6]], [1, [28, 10]]], [[2, [6, 20]], [2, [10, 24]], [2, [20, 2]], [2, [24, 6]], [2, [28, 10]]], [[6, [10, 20, 24, 2]], [6, [28, 6, 10, 20]]], [[7, [6, 20]], [7, [10, 24]], [7, [20, 2]], [7, [24, 6]], [7, [28, 10]]], [[8, [2]], [8, [6]], [8, [10]], [8, [20]], [8, [24]], [8, [28]]]]
	[[[1, [6, 20]], [1, [10, 24]], [1, [20, 2]], [1, [24, 6]], [1, [28, 10]]], [[3, [10, 20]], [3, [24, 2]], [3, [28, 6]]], [[6, [10, 20, 24, 2]], [6, [28, 6, 10, 20]]], [[7, [6, 20]], [7, [10, 24]], [7, [20, 2]], [7, [24, 6]], [7, [28, 10]]], [[8, [2]], [8, [6]], [8, [10]], [8, [20]], [8, [24]], [8, [28]]]]
	[[[2, [6, 20]], [2, [10, 24]], [2, [20, 2]], [2, [24, 6]], [2, [28, 10]]], [[3, [10, 20]], [3, [24, 2]], [3, [28, 6]]], [[6, [10, 20, 24, 2]], [6, [28, 6, 10, 20]]], [[7, [6, 20]], [7, [10, 24]], [7, [20, 2]], [7, [24, 6]], [7, [28, 10]]], [[8, [2]], [8, [6]], [8, [10]], [8, [20]], [8, [24]], [8, [28]]]]
	[[[1, [6, 20]], [1, [10, 24]], [1, [20, 2]], [1, [24, 6]], [1, [28, 10]]], [[2, [6, 20]], [2, [10, 24]], [2, [20, 2]], [2, [24, 6]], [2, [28, 10]]], [[3, [10, 20]], [3, [24, 2]], [3, [28, 6]]], [[6, [10, 20, 24, 2]], [6, [28, 6, 10, 20]]], [[7, [6, 20]], [7, [10, 24]], [7, [20, 2]], [7, [24, 6]], [7, [28, 10]]], [[8, [2]], [8, [6]], [8, [10]], [8, [20]], [8, [24]], [8, [28]]]]


	[[[1, [8, 22]]]]
	[[[2, [8, 22]]]]
	[[[7, [8, 22]]]]
	[[[8, [2]], [8, [8]], [8, [22]]]]
	[[[1, [8, 22]]], [[2, [8, 22]]]]
	[[[1, [8, 22]]], [[7, [8, 22]]]]
	[[[1, [8, 22]]], [[8, [2]], [8, [8]], [8, [22]]]]
	[[[2, [8, 22]]], [[7, [8, 22]]]]
	[[[2, [8, 22]]], [[8, [2]], [8, [8]], [8, [22]]]]
	[[[7, [8, 22]]], [[8, [2]], [8, [8]], [8, [22]]]]
	[[[1, [8, 22]]], [[2, [8, 22]]], [[7, [8, 22]]]]
	[[[1, [8, 22]]], [[2, [8, 22]]], [[8, [2]], [8, [8]], [8, [22]]]]
	[[[1, [8, 22]]], [[7, [8, 22]]], [[8, [2]], [8, [8]], [8, [22]]]]
	[[[2, [8, 22]]], [[7, [8, 22]]], [[8, [2]], [8, [8]], [8, [22]]]]
	[[[1, [8, 22]]], [[2, [8, 22]]], [[7, [8, 22]]], [[8, [2]], [8, [8]], [8, [22]]]]


	[[[0, [14, 4, 6]]]]
	[[[1, [8, 22]], [1, [22, 4]]]]
	[[[2, [8, 22]], [2, [22, 4]]]]
	[[[3, [4, 14]]]]
	[[[5, [4, 6]], [5, [6, 8]]]]
	[[[7, [8, 22]], [7, [22, 4]]]]
	[[[8, [4]], [8, [6]], [8, [8]], [8, [14]], [8, [22]]]]
	[[[0, [14, 4, 6]]], [[1, [8, 22]], [1, [22, 4]]]]
	[[[0, [14, 4, 6]]], [[2, [8, 22]], [2, [22, 4]]]]
	[[[0, [14, 4, 6]]], [[3, [4, 14]]]]
	[[[0, [14, 4, 6]]], [[5, [4, 6]], [5, [6, 8]]]]
	[[[0, [14, 4, 6]]], [[7, [8, 22]], [7, [22, 4]]]]
	[[[0, [14, 4, 6]]], [[8, [4]], [8, [6]], [8, [8]], [8, [14]], [8, [22]]]]
	[[[1, [8, 22]], [1, [22, 4]]], [[2, [8, 22]], [2, [22, 4]]]]
	[[[1, [8, 22]], [1, [22, 4]]], [[3, [4, 14]]]]
	[[[1, [8, 22]], [1, [22, 4]]], [[5, [4, 6]], [5, [6, 8]]]]
	[[[1, [8, 22]], [1, [22, 4]]], [[7, [8, 22]], [7, [22, 4]]]]
	[[[1, [8, 22]], [1, [22, 4]]], [[8, [4]], [8, [6]], [8, [8]], [8, [14]], [8, [22]]]]
	[[[2, [8, 22]], [2, [22, 4]]], [[3, [4, 14]]]]
	[[[2, [8, 22]], [2, [22, 4]]], [[5, [4, 6]], [5, [6, 8]]]]
	[[[2, [8, 22]], [2, [22, 4]]], [[7, [8, 22]], [7, [22, 4]]]]
	[[[2, [8, 22]], [2, [22, 4]]], [[8, [4]], [8, [6]], [8, [8]], [8, [14]], [8, [22]]]]
	[[[3, [4, 14]]], [[5, [4, 6]], [5, [6, 8]]]]
	[[[3, [4, 14]]], [[7, [8, 22]], [7, [22, 4]]]]
	[[[3, [4, 14]]], [[8, [4]], [8, [6]], [8, [8]], [8, [14]], [8, [22]]]]
	[[[5, [4, 6]], [5, [6, 8]]], [[7, [8, 22]], [7, [22, 4]]]]
	[[[5, [4, 6]], [5, [6, 8]]], [[8, [4]], [8, [6]], [8, [8]], [8, [14]], [8, [22]]]]
	[[[7, [8, 22]], [7, [22, 4]]], [[8, [4]], [8, [6]], [8, [8]], [8, [14]], [8, [22]]]]
	[[[0, [14, 4, 6]]], [[1, [8, 22]], [1, [22, 4]]], [[2, [8, 22]], [2, [22, 4]]]]
	[[[0, [14, 4, 6]]], [[1, [8, 22]], [1, [22, 4]]], [[3, [4, 14]]]]
	[[[0, [14, 4, 6]]], [[1, [8, 22]], [1, [22, 4]]], [[5, [4, 6]], [5, [6, 8]]]]
	[[[0, [14, 4, 6]]], [[1, [8, 22]], [1, [22, 4]]], [[7, [8, 22]], [7, [22, 4]]]]
	[[[0, [14, 4, 6]]], [[1, [8, 22]], [1, [22, 4]]], [[8, [4]], [8, [6]], [8, [8]], [8, [14]], [8, [22]]]]
	[[[0, [14, 4, 6]]], [[2, [8, 22]], [2, [22, 4]]], [[3, [4, 14]]]]
	[[[0, [14, 4, 6]]], [[2, [8, 22]], [2, [22, 4]]], [[5, [4, 6]], [5, [6, 8]]]]
	[[[0, [14, 4, 6]]], [[2, [8, 22]], [2, [22, 4]]], [[7, [8, 22]], [7, [22, 4]]]]
	[[[0, [14, 4, 6]]], [[2, [8, 22]], [2, [22, 4]]], [[8, [4]], [8, [6]], [8, [8]], [8, [14]], [8, [22]]]]
	[[[0, [14, 4, 6]]], [[3, [4, 14]]], [[5, [4, 6]], [5, [6, 8]]]]
	[[[0, [14, 4, 6]]], [[3, [4, 14]]], [[7, [8, 22]], [7, [22, 4]]]]
	[[[0, [14, 4, 6]]], [[3, [4, 14]]], [[8, [4]], [8, [6]], [8, [8]], [8, [14]], [8, [22]]]]
	[[[0, [14, 4, 6]]], [[5, [4, 6]], [5, [6, 8]]], [[7, [8, 22]], [7, [22, 4]]]]
	[[[0, [14, 4, 6]]], [[5, [4, 6]], [5, [6, 8]]], [[8, [4]], [8, [6]], [8, [8]], [8, [14]], [8, [22]]]]
	[[[0, [14, 4, 6]]], [[7, [8, 22]], [7, [22, 4]]], [[8, [4]], [8, [6]], [8, [8]], [8, [14]], [8, [22]]]]
	[[[1, [8, 22]], [1, [22, 4]]], [[2, [8, 22]], [2, [22, 4]]], [[3, [4, 14]]]]
	[[[1, [8, 22]], [1, [22, 4]]], [[2, [8, 22]], [2, [22, 4]]], [[5, [4, 6]], [5, [6, 8]]]]
	[[[1, [8, 22]], [1, [22, 4]]], [[2, [8, 22]], [2, [22, 4]]], [[7, [8, 22]], [7, [22, 4]]]]
	[[[1, [8, 22]], [1, [22, 4]]], [[2, [8, 22]], [2, [22, 4]]], [[8, [4]], [8, [6]], [8, [8]], [8, [14]], [8, [22]]]]
	[[[1, [8, 22]], [1, [22, 4]]], [[3, [4, 14]]], [[5, [4, 6]], [5, [6, 8]]]]
	[[[1, [8, 22]], [1, [22, 4]]], [[3, [4, 14]]], [[7, [8, 22]], [7, [22, 4]]]]
	[[[1, [8, 22]], [1, [22, 4]]], [[3, [4, 14]]], [[8, [4]], [8, [6]], [8, [8]], [8, [14]], [8, [22]]]]
	[[[1, [8, 22]], [1, [22, 4]]], [[5, [4, 6]], [5, [6, 8]]], [[7, [8, 22]], [7, [22, 4]]]]
	[[[1, [8, 22]], [1, [22, 4]]], [[5, [4, 6]], [5, [6, 8]]], [[8, [4]], [8, [6]], [8, [8]], [8, [14]], [8, [22]]]]
	[[[1, [8, 22]], [1, [22, 4]]], [[7, [8, 22]], [7, [22, 4]]], [[8, [4]], [8, [6]], [8, [8]], [8, [14]], [8, [22]]]]
	[[[2, [8, 22]], [2, [22, 4]]], [[3, [4, 14]]], [[5, [4, 6]], [5, [6, 8]]]]
	[[[2, [8, 22]], [2, [22, 4]]], [[3, [4, 14]]], [[7, [8, 22]], [7, [22, 4]]]]
	[[[2, [8, 22]], [2, [22, 4]]], [[3, [4, 14]]], [[8, [4]], [8, [6]], [8, [8]], [8, [14]], [8, [22]]]]
	[[[2, [8, 22]], [2, [22, 4]]], [[5, [4, 6]], [5, [6, 8]]], [[7, [8, 22]], [7, [22, 4]]]]
	[[[2, [8, 22]], [2, [22, 4]]], [[5, [4, 6]], [5, [6, 8]]], [[8, [4]], [8, [6]], [8, [8]], [8, [14]], [8, [22]]]]
	[[[2, [8, 22]], [2, [22, 4]]], [[7, [8, 22]], [7, [22, 4]]], [[8, [4]], [8, [6]], [8, [8]], [8, [14]], [8, [22]]]]
	[[[3, [4, 14]]], [[5, [4, 6]], [5, [6, 8]]], [[7, [8, 22]], [7, [22, 4]]]]
	[[[3, [4, 14]]], [[5, [4, 6]], [5, [6, 8]]], [[8, [4]], [8, [6]], [8, [8]], [8, [14]], [8, [22]]]]
	[[[3, [4, 14]]], [[7, [8, 22]], [7, [22, 4]]], [[8, [4]], [8, [6]], [8, [8]], [8, [14]], [8, [22]]]]
	[[[5, [4, 6]], [5, [6, 8]]], [[7, [8, 22]], [7, [22, 4]]], [[8, [4]], [8, [6]], [8, [8]], [8, [14]], [8, [22]]]]
	[[[0, [14, 4, 6]]], [[1, [8, 22]], [1, [22, 4]]], [[2, [8, 22]], [2, [22, 4]]], [[3, [4, 14]]]]
	[[[0, [14, 4, 6]]], [[1, [8, 22]], [1, [22, 4]]], [[2, [8, 22]], [2, [22, 4]]], [[5, [4, 6]], [5, [6, 8]]]]
	[[[0, [14, 4, 6]]], [[1, [8, 22]], [1, [22, 4]]], [[2, [8, 22]], [2, [22, 4]]], [[7, [8, 22]], [7, [22, 4]]]]
	[[[0, [14, 4, 6]]], [[1, [8, 22]], [1, [22, 4]]], [[2, [8, 22]], [2, [22, 4]]], [[8, [4]], [8, [6]], [8, [8]], [8, [14]], [8, [22]]]]
	[[[0, [14, 4, 6]]], [[1, [8, 22]], [1, [22, 4]]], [[3, [4, 14]]], [[5, [4, 6]], [5, [6, 8]]]]
	[[[0, [14, 4, 6]]], [[1, [8, 22]], [1, [22, 4]]], [[3, [4, 14]]], [[7, [8, 22]], [7, [22, 4]]]]
	[[[0, [14, 4, 6]]], [[1, [8, 22]], [1, [22, 4]]], [[3, [4, 14]]], [[8, [4]], [8, [6]], [8, [8]], [8, [14]], [8, [22]]]]
	[[[0, [14, 4, 6]]], [[1, [8, 22]], [1, [22, 4]]], [[5, [4, 6]], [5, [6, 8]]], [[7, [8, 22]], [7, [22, 4]]]]
	[[[0, [14, 4, 6]]], [[1, [8, 22]], [1, [22, 4]]], [[5, [4, 6]], [5, [6, 8]]], [[8, [4]], [8, [6]], [8, [8]], [8, [14]], [8, [22]]]]
	[[[0, [14, 4, 6]]], [[1, [8, 22]], [1, [22, 4]]], [[7, [8, 22]], [7, [22, 4]]], [[8, [4]], [8, [6]], [8, [8]], [8, [14]], [8, [22]]]]
	[[[0, [14, 4, 6]]], [[2, [8, 22]], [2, [22, 4]]], [[3, [4, 14]]], [[5, [4, 6]], [5, [6, 8]]]]
	[[[0, [14, 4, 6]]], [[2, [8, 22]], [2, [22, 4]]], [[3, [4, 14]]], [[7, [8, 22]], [7, [22, 4]]]]
	[[[0, [14, 4, 6]]], [[2, [8, 22]], [2, [22, 4]]], [[3, [4, 14]]], [[8, [4]], [8, [6]], [8, [8]], [8, [14]], [8, [22]]]]
	[[[0, [14, 4, 6]]], [[2, [8, 22]], [2, [22, 4]]], [[5, [4, 6]], [5, [6, 8]]], [[7, [8, 22]], [7, [22, 4]]]]
	[[[0, [14, 4, 6]]], [[2, [8, 22]], [2, [22, 4]]], [[5, [4, 6]], [5, [6, 8]]], [[8, [4]], [8, [6]], [8, [8]], [8, [14]], [8, [22]]]]
	[[[0, [14, 4, 6]]], [[2, [8, 22]], [2, [22, 4]]], [[7, [8, 22]], [7, [22, 4]]], [[8, [4]], [8, [6]], [8, [8]], [8, [14]], [8, [22]]]]
	[[[0, [14, 4, 6]]], [[3, [4, 14]]], [[5, [4, 6]], [5, [6, 8]]], [[7, [8, 22]], [7, [22, 4]]]]
	[[[0, [14, 4, 6]]], [[3, [4, 14]]], [[5, [4, 6]], [5, [6, 8]]], [[8, [4]], [8, [6]], [8, [8]], [8, [14]], [8, [22]]]]
	[[[0, [14, 4, 6]]], [[3, [4, 14]]], [[7, [8, 22]], [7, [22, 4]]], [[8, [4]], [8, [6]], [8, [8]], [8, [14]], [8, [22]]]]
	[[[0, [14, 4, 6]]], [[5, [4, 6]], [5, [6, 8]]], [[7, [8, 22]], [7, [22, 4]]], [[8, [4]], [8, [6]], [8, [8]], [8, [14]], [8, [22]]]]
	[[[1, [8, 22]], [1, [22, 4]]], [[2, [8, 22]], [2, [22, 4]]], [[3, [4, 14]]], [[5, [4, 6]], [5, [6, 8]]]]
	[[[1, [8, 22]], [1, [22, 4]]], [[2, [8, 22]], [2, [22, 4]]], [[3, [4, 14]]], [[7, [8, 22]], [7, [22, 4]]]]
	[[[1, [8, 22]], [1, [22, 4]]], [[2, [8, 22]], [2, [22, 4]]], [[3, [4, 14]]], [[8, [4]], [8, [6]], [8, [8]], [8, [14]], [8, [22]]]]
	[[[1, [8, 22]], [1, [22, 4]]], [[2, [8, 22]], [2, [22, 4]]], [[5, [4, 6]], [5, [6, 8]]], [[7, [8, 22]], [7, [22, 4]]]]
	[[[1, [8, 22]], [1, [22, 4]]], [[2, [8, 22]], [2, [22, 4]]], [[5, [4, 6]], [5, [6, 8]]], [[8, [4]], [8, [6]], [8, [8]], [8, [14]], [8, [22]]]]
	[[[1, [8, 22]], [1, [22, 4]]], [[2, [8, 22]], [2, [22, 4]]], [[7, [8, 22]], [7, [22, 4]]], [[8, [4]], [8, [6]], [8, [8]], [8, [14]], [8, [22]]]]
	[[[1, [8, 22]], [1, [22, 4]]], [[3, [4, 14]]], [[5, [4, 6]], [5, [6, 8]]], [[7, [8, 22]], [7, [22, 4]]]]
	[[[1, [8, 22]], [1, [22, 4]]], [[3, [4, 14]]], [[5, [4, 6]], [5, [6, 8]]], [[8, [4]], [8, [6]], [8, [8]], [8, [14]], [8, [22]]]]
	[[[1, [8, 22]], [1, [22, 4]]], [[3, [4, 14]]], [[7, [8, 22]], [7, [22, 4]]], [[8, [4]], [8, [6]], [8, [8]], [8, [14]], [8, [22]]]]
	[[[1, [8, 22]], [1, [22, 4]]], [[5, [4, 6]], [5, [6, 8]]], [[7, [8, 22]], [7, [22, 4]]], [[8, [4]], [8, [6]], [8, [8]], [8, [14]], [8, [22]]]]
	[[[2, [8, 22]], [2, [22, 4]]], [[3, [4, 14]]], [[5, [4, 6]], [5, [6, 8]]], [[7, [8, 22]], [7, [22, 4]]]]
	[[[2, [8, 22]], [2, [22, 4]]], [[3, [4, 14]]], [[5, [4, 6]], [5, [6, 8]]], [[8, [4]], [8, [6]], [8, [8]], [8, [14]], [8, [22]]]]
	[[[2, [8, 22]], [2, [22, 4]]], [[3, [4, 14]]], [[7, [8, 22]], [7, [22, 4]]], [[8, [4]], [8, [6]], [8, [8]], [8, [14]], [8, [22]]]]
	[[[2, [8, 22]], [2, [22, 4]]], [[5, [4, 6]], [5, [6, 8]]], [[7, [8, 22]], [7, [22, 4]]], [[8, [4]], [8, [6]], [8, [8]], [8, [14]], [8, [22]]]]
	[[[3, [4, 14]]], [[5, [4, 6]], [5, [6, 8]]], [[7, [8, 22]], [7, [22, 4]]], [[8, [4]], [8, [6]], [8, [8]], [8, [14]], [8, [22]]]]
	[[[0, [14, 4, 6]]], [[1, [8, 22]], [1, [22, 4]]], [[2, [8, 22]], [2, [22, 4]]], [[3, [4, 14]]], [[5, [4, 6]], [5, [6, 8]]]]
	[[[0, [14, 4, 6]]], [[1, [8, 22]], [1, [22, 4]]], [[2, [8, 22]], [2, [22, 4]]], [[3, [4, 14]]], [[7, [8, 22]], [7, [22, 4]]]]
	[[[0, [14, 4, 6]]], [[1, [8, 22]], [1, [22, 4]]], [[2, [8, 22]], [2, [22, 4]]], [[3, [4, 14]]], [[8, [4]], [8, [6]], [8, [8]], [8, [14]], [8, [22]]]]
	[[[0, [14, 4, 6]]], [[1, [8, 22]], [1, [22, 4]]], [[2, [8, 22]], [2, [22, 4]]], [[5, [4, 6]], [5, [6, 8]]], [[7, [8, 22]], [7, [22, 4]]]]
	[[[0, [14, 4, 6]]], [[1, [8, 22]], [1, [22, 4]]], [[2, [8, 22]], [2, [22, 4]]], [[5, [4, 6]], [5, [6, 8]]], [[8, [4]], [8, [6]], [8, [8]], [8, [14]], [8, [22]]]]
	[[[0, [14, 4, 6]]], [[1, [8, 22]], [1, [22, 4]]], [[2, [8, 22]], [2, [22, 4]]], [[7, [8, 22]], [7, [22, 4]]], [[8, [4]], [8, [6]], [8, [8]], [8, [14]], [8, [22]]]]
	[[[0, [14, 4, 6]]], [[1, [8, 22]], [1, [22, 4]]], [[3, [4, 14]]], [[5, [4, 6]], [5, [6, 8]]], [[7, [8, 22]], [7, [22, 4]]]]
	[[[0, [14, 4, 6]]], [[1, [8, 22]], [1, [22, 4]]], [[3, [4, 14]]], [[5, [4, 6]], [5, [6, 8]]], [[8, [4]], [8, [6]], [8, [8]], [8, [14]], [8, [22]]]]
	[[[0, [14, 4, 6]]], [[1, [8, 22]], [1, [22, 4]]], [[3, [4, 14]]], [[7, [8, 22]], [7, [22, 4]]], [[8, [4]], [8, [6]], [8, [8]], [8, [14]], [8, [22]]]]
	[[[0, [14, 4, 6]]], [[1, [8, 22]], [1, [22, 4]]], [[5, [4, 6]], [5, [6, 8]]], [[7, [8, 22]], [7, [22, 4]]], [[8, [4]], [8, [6]], [8, [8]], [8, [14]], [8, [22]]]]
	[[[0, [14, 4, 6]]], [[2, [8, 22]], [2, [22, 4]]], [[3, [4, 14]]], [[5, [4, 6]], [5, [6, 8]]], [[7, [8, 22]], [7, [22, 4]]]]
	[[[0, [14, 4, 6]]], [[2, [8, 22]], [2, [22, 4]]], [[3, [4, 14]]], [[5, [4, 6]], [5, [6, 8]]], [[8, [4]], [8, [6]], [8, [8]], [8, [14]], [8, [22]]]]
	[[[0, [14, 4, 6]]], [[2, [8, 22]], [2, [22, 4]]], [[3, [4, 14]]], [[7, [8, 22]], [7, [22, 4]]], [[8, [4]], [8, [6]], [8, [8]], [8, [14]], [8, [22]]]]
	[[[0, [14, 4, 6]]], [[2, [8, 22]], [2, [22, 4]]], [[5, [4, 6]], [5, [6, 8]]], [[7, [8, 22]], [7, [22, 4]]], [[8, [4]], [8, [6]], [8, [8]], [8, [14]], [8, [22]]]]
	[[[0, [14, 4, 6]]], [[3, [4, 14]]], [[5, [4, 6]], [5, [6, 8]]], [[7, [8, 22]], [7, [22, 4]]], [[8, [4]], [8, [6]], [8, [8]], [8, [14]], [8, [22]]]]
	[[[1, [8, 22]], [1, [22, 4]]], [[2, [8, 22]], [2, [22, 4]]], [[3, [4, 14]]], [[5, [4, 6]], [5, [6, 8]]], [[7, [8, 22]], [7, [22, 4]]]]
	[[[1, [8, 22]], [1, [22, 4]]], [[2, [8, 22]], [2, [22, 4]]], [[3, [4, 14]]], [[5, [4, 6]], [5, [6, 8]]], [[8, [4]], [8, [6]], [8, [8]], [8, [14]], [8, [22]]]]
	[[[1, [8, 22]], [1, [22, 4]]], [[2, [8, 22]], [2, [22, 4]]], [[3, [4, 14]]], [[7, [8, 22]], [7, [22, 4]]], [[8, [4]], [8, [6]], [8, [8]], [8, [14]], [8, [22]]]]
	[[[1, [8, 22]], [1, [22, 4]]], [[2, [8, 22]], [2, [22, 4]]], [[5, [4, 6]], [5, [6, 8]]], [[7, [8, 22]], [7, [22, 4]]], [[8, [4]], [8, [6]], [8, [8]], [8, [14]], [8, [22]]]]
	[[[1, [8, 22]], [1, [22, 4]]], [[3, [4, 14]]], [[5, [4, 6]], [5, [6, 8]]], [[7, [8, 22]], [7, [22, 4]]], [[8, [4]], [8, [6]], [8, [8]], [8, [14]], [8, [22]]]]
	[[[2, [8, 22]], [2, [22, 4]]], [[3, [4, 14]]], [[5, [4, 6]], [5, [6, 8]]], [[7, [8, 22]], [7, [22, 4]]], [[8, [4]], [8, [6]], [8, [8]], [8, [14]], [8, [22]]]]
	[[[0, [14, 4, 6]]], [[1, [8, 22]], [1, [22, 4]]], [[2, [8, 22]], [2, [22, 4]]], [[3, [4, 14]]], [[5, [4, 6]], [5, [6, 8]]], [[7, [8, 22]], [7, [22, 4]]]]
	[[[0, [14, 4, 6]]], [[1, [8, 22]], [1, [22, 4]]], [[2, [8, 22]], [2, [22, 4]]], [[3, [4, 14]]], [[5, [4, 6]], [5, [6, 8]]], [[8, [4]], [8, [6]], [8, [8]], [8, [14]], [8, [22]]]]
	[[[0, [14, 4, 6]]], [[1, [8, 22]], [1, [22, 4]]], [[2, [8, 22]], [2, [22, 4]]], [[3, [4, 14]]], [[7, [8, 22]], [7, [22, 4]]], [[8, [4]], [8, [6]], [8, [8]], [8, [14]], [8, [22]]]]
	[[[0, [14, 4, 6]]], [[1, [8, 22]], [1, [22, 4]]], [[2, [8, 22]], [2, [22, 4]]], [[5, [4, 6]], [5, [6, 8]]], [[7, [8, 22]], [7, [22, 4]]], [[8, [4]], [8, [6]], [8, [8]], [8, [14]], [8, [22]]]]
	[[[0, [14, 4, 6]]], [[1, [8, 22]], [1, [22, 4]]], [[3, [4, 14]]], [[5, [4, 6]], [5, [6, 8]]], [[7, [8, 22]], [7, [22, 4]]], [[8, [4]], [8, [6]], [8, [8]], [8, [14]], [8, [22]]]]
	[[[0, [14, 4, 6]]], [[2, [8, 22]], [2, [22, 4]]], [[3, [4, 14]]], [[5, [4, 6]], [5, [6, 8]]], [[7, [8, 22]], [7, [22, 4]]], [[8, [4]], [8, [6]], [8, [8]], [8, [14]], [8, [22]]]]
	[[[1, [8, 22]], [1, [22, 4]]], [[2, [8, 22]], [2, [22, 4]]], [[3, [4, 14]]], [[5, [4, 6]], [5, [6, 8]]], [[7, [8, 22]], [7, [22, 4]]], [[8, [4]], [8, [6]], [8, [8]], [8, [14]], [8, [22]]]]
	[[[0, [14, 4, 6]]], [[1, [8, 22]], [1, [22, 4]]], [[2, [8, 22]], [2, [22, 4]]], [[3, [4, 14]]], [[5, [4, 6]], [5, [6, 8]]], [[7, [8, 22]], [7, [22, 4]]], [[8, [4]], [8, [6]], [8, [8]], [8, [14]], [8, [22]]]]


